4000
57702
99559
44024
75063
54915
46236
32801
3823
84045
693019
231-0005
574 40
43119
1680
G1M
193 00
48150
46168
S7K
19904
54935
13903
831 03
154-0017
18328
91331
756 61
53066
2000
34045
39047
M6P
33907
76087
91335
07060
37087
11215
543-0062
78660
43065
20136
85225
44012
33556
J4H
550 01
L4N
N7T
2009
734 01
75087
30080
EN1
90275
403870
08879
7437
2558
84043
V4V
98837
81658
4900
N1E
662-0934
76133
19078
80022
2155
53405
3400
3264
03060
N5V
86314
J4B
80538
60616
28546
99350
915 01
5643
14300
72401
248000
45102
1300
78758
14301
91343
82716
04210
567 33
45036
4032
4450
H7N
92675
80543
55352
02852
5000
27455
49341
L9K
T5Y
44139
36801
28040
B0P
1621
3033
63385
38401
L0P
540039
S7L
60510
27587
81019
3121
1010
34772
624860
2037
85009
297-0026
427 40
5162
661 33
55408
32703
66614
55372
37135
M2M
K8N
56320
4440-238
GU27
M4T
900007
54724
32738
1772
15906
TW15
7310
46077
3218
49525
573 23
8053
PL11
610-0114
29130
28803
52310
421 01
141407
8014
741 74
78664
84095
L8S
L4B
2010
9024
2860
804 29
07663
903 36
99709
4645
30312
L7L
280 20
60554
89081
55376
J4K
142000
71901
59200
75771
3850
680031
52162
02907
52803
83702
720 12
93003
3136
34606
10300
G4R
92694
2018
45750
K2J
90232
88240
27260
98926
78028
3265
454009
55200
1851
56573
404146
43040
75137
43701
27012
V8N
37343
M8V
37664
90605
792 93
15666
2260
3018
77845
27513
32955
15219
93444
85201
620016
81-050
84003
89119
K1H
34747
438 00
67951
95818
173 11
66209
901 05
2290
91364
8316
L6M
K7V
8305
02026
4610
61434
02909
30458
57108
85318
H9J
57401
5300
6011
J1J
9103
48180
49221
76708
71913
L9B
84020
832 21
91764
614064
49024
77710
44060
8333
L4T
90660
11373
28277
38052
99353
76063
87036
9000
51-206
06902
V3J
34281
J1N
141 40
37772
96929
22657
65125
913 41
3101
85085
53527
24016
56401
98006
80013
80804
08536
H2T
L2S
H3G
400022
2534
541 02
145 01
2526
89108
102-0082
42064
784 52
142 63
91207
1020
L3R
80-387
66216
T9A
244 02
M4E
70810
M2K
44663
76126
45231
T2A
5501
101000
M1E
220004
55021
590 40
J7A
11416
35758
33773
52100
08018
B31
B3A
7520-124
J9E
75075
54016
95746
L7T
78550
61003
26010
2673
65583
N8S
1415
P1L
3871
37604
05850
437 42
90002
95382
110 00
32821
92805
310-0811
256 67
31792
33813
26101
03825
34987
18034
4120
70058
77303
567 32
48879
32806
4697
18106
436 52
5810
1446
L6K
6924
65072
85283
L9G
66061
89014
578 01
V3S
03150
32829
37040
409 88
T9H
92057
12866
4470-334
06108
74112
L7J
28041
40150
4101
127287
40503
85016
62234
443 00
11706
601465
08902
3460
4310
N22
97137
58201
3181
60061
93543
53562
128 20
07094
75032
931 21
1024
2671
L9H
HD7
68100
91977
8607
5235
263 58
9990
84404
92029
70178
57701
7030
63130
39-400
06492
H2Y
94112
735 36
45365
905100
3122
03062
20158
6149
1500
00-202
385 40
08036
T6H
55330
98801
97383
CB8
600 07
75006
94107
164 00
H1H
32547
620089
47014
10924
60521
92626
703 81
N6C
49505
7601
84014
4064
92126
97217
223 59
20619
76244
308-0041
06355
51104
5018
K2H
V1J
15478
36582
18008
5008
300000
824 00
64293
140003
56000
77054
OX11
44312
75093
32-300
331 02
172 00
2075
70115
94586
L1S
BT56
N2C
442 02
R3R
N8Y
75002
427 00
11214
217 41
3199
M2N
51200
36830
60505
43207
79060
07508
44107
95531
692901
27610
129 49
76209
11365
56001
132 32
879-4413
44035
J4J
920 64
5721
01032
7003
53716
187000
79603
85031
37066
27511
6015
25832
811 01
128 48
0084
54923
341 33
01030
37115
44266
92020
90028
06078
49417
11103
41-800
1814
11772
N2P
92840
53029
N8T
39600
02170
11104
30030
634057
48386
050016
5612
84075
220 02
43000
01277
K1K
4300
8025
87108
S7N
07670
84096
14624
3370
1501
46158
84721
129272
30019
3004
54701
273 70
DT11
M6G
4001
96913
91754
98075
45784
92620
3152
94070
141 43
66215
077145
44076
31005
54313
74104
M3A
44662
5066
70543
V5T
84005
91901
30263
84660
84041
H7E
142104
90712
98122
K2P
99507
3146
5032
92656
6060
663 40
44307
72762
62281
2505
65079
97302
9007
5251
83854
44613
111401
16001
23324
78745
61254
6018
3124
G9A
07087
20148
2371
74070
97058
4218
17872
81-198
01213
295 32
241 22
54000
54029
743 19
102630
13066
21666
400001
L4C
61550
52577
95133
2280
1165
L2E
02790
4503
V6B
60714
6536
47805
5737
10301
077190
2300
H4W
195027
L8E
18466
562 02
98569
10011
921 01
49441
63500
190880
70300
90-365
757 56
33771
85756
T5P
2090
1104
82001
2678
2625
6153
98382
47120
45011
27410
EC2V
60107
38506
61098
74055
72936
98106
050001
63141
161 00
92195
28037
95747
4643
75605
47905
55082
480-0102
92027
971 10
320-0032
663 01
50266
170028
N9A
02126
568 20
34732
45069
73099
J8T
6070
UB8
462 01
571 41
L4G
L5R
56048
20100
60194
0181
370 30
52807
1513
N8X
19939
N7S
3044
218 51
53511
13790
89128
15902
39564
126 78
45030
098-5721
H2X
371-0025
47301
60068
196634
84651
97013
27526
2229
4411
07746
02809
H7L
92504
85396
N0K
48329
3244
37336
8650
S6V
60632
269 92
5071
55313
92336
2913
65104
4000-000
109
90732
44116
9325
54914
4006
800 08
50613
96932
8307
76710
300 04
NP12
L9W
G1H
29301
70458
7002
831 51
93221
76210
48089
92866
68701
2170
20601
1741
K1R
06042
89147
44805
98823
91506
N2J
N2Z
5052
32300
14001
77657
T2H
94403
8450
48823
233 36
M9V
3142
17244
6373
27707
630-8114
630003
11780
50851
46060
95842
253 60
2802
116 37
BA2
11967
32839
60-792
6800
4600
7605
L3S
350 03
410000
11417
1601
640003
48066
2031
754 30
G3C
3144
BH31
84121
02135
L4H
99354
2572
1421
0001
60074
155 34
62401
90094
89148
75243
1447
2050
10260
784 66
78249
89117
2196
08527
33170
141008
57100
2003
80-297
60517
21740
1150
78108
85138
98831
85379
8044
46400
7521
250 02
94580
29577
1212
88011
3111
390048
85027
72764
21144
44857
2024
21396
63021
44256
31088
36526
4350
6330
32459
673 32
7751
BN22
90266
4163
V3K
97367
30328
35810
21110
08816
653 50
6581
8906
2500
84070
L5N
1025
591 00
25265
8701
501 26
91367
27265
43326
312 00
463 93
10107
61548
54700
30132
569-0803
1431
6405
10023
02131
932 36
60435
85712
450 70
30309
75703
75402
02081
78644
522 31
6508
00179
61027
57000
55901
78155
11374
91311
6007
534 92
07305
64068
01454
8005
01960
92673
78732
29412
28173
46100
89503
2431
2043
76712
2530
1223
08859
297 01
94087
663920
0632
58554
186 03
0594
57058
91803
43081
MK5
55100
78577
75234
737 01
374 37
3204
10510
50125
47500
20169
N5A
98528
90277
62025
66725
50490
98027
V3B
4152
75056
3032
31019
92069
75034
31047
6257
3169
G1S
143404
92223
68135
37015
53218
01016
19130
95665
4053
33713
55792
6715
91770
T2K
52637
T2X
796 22
220000
53081
15108
99654
78552
IG1
78628
1127
201-0011
40400
435 39
8512
84067
92103
94122
6210
58104
06340
41200
99801
J1X
97381
92672
186 01
H3K
92646
2259
475-0038
49735
11379
2914
02115
75840
95124
83442
1000
22100
R3G
32953
32401
03304
85650
362-0042
620098
58200
98374
431 62
13126
3000
52054
59106
196 01
68046
97038
59901
291 32
463 31
11230
46150
33764
53300
18302
75025
95762
1348
790-0026
60613
02446
77656
L3P
L4S
145 00
78626
3172
29681
40170
11590
53150
62298
125 01
501 12
91780
374 50
370 17
37379
33000
02067
143 01
91362
J7T
N3R
61611
11204
31216
50131
3053
