L0P
2259
2075
6210
51104
1000
06340
M9V
L4G
N7S
H4W
90732
H9J
44060
45011
K7V
91364
92805
91335
92646
65079
102-0082
43701
43065
28546
27610
32953
32801
46077
46168
27707
H2Y
91362
H3K
J4K
95665
91331
92626
N2J
L8S
N8X
06492
N7T
13903
92336
93543
33764
36582
10011
20601
15108
11230
11590
20169
297 01
173 11
901 05
GU27
IG1
HD7
60-792
3181
5032
1415
7003
9024
18008
223 59
811 01
127287
102630
110 00
129272
55100
55200
3032
475-0038
102-0082
6018
2526
46400
47301
3000
68100
610-0114
6011
1212
5000
320-0032
2558
7310
2031
2031
2090
098-5721
4053
6007
102-0082
2024
8053
2196
3142
3004
5008
4064
4503
4152
098-5721
6060
8025
1025
273 70
1223
141407
404146
102630
300000
620089
2010
2003
2010
362-0042
J8T
M2M
94107
15902
21666
4218
3044
3044
308-0041
58104
3823
11416
K2H
B3A
32821
DT11
30263
173 11
173 11
02115
CB8
0594
661 33
145 01
792 93
01454
01277
7601
OX11
50125
50125
47014
832 21
141 43
142 63
550 01
800 08
784 66
663 01
663 40
501 26
501 26
370 17
193 00
591 00
10510
362-0042
66061
36801
84014
L8S
L7J
7605
3124
3111
0084
84041
52577
72762
L3S
78108
84045
84045
84075
84096
84660
84095
14624
58104
93003
T6H
53716
97367
90712
91367
91367
28173
91335
90028
98122
52310
34606
62401
32459
66215
75063
75402
75034
78550
76708
78028
76712
J4H
J4J
42064
V3J
52803
98801
98801
55792
50125
26101
L2E
37379
55372
52807
19939
50266
N2P
L3P
L5N
L4T
03825
07060
21144
08536
08536
25832
25265
45750
44857
53150
V3K
44312
44035
29577
29577
28277
M8V
85201
S7K
82001
83702
84070
55352
87108
88011
92103
91977
44116
92656
92057
70810
70115
68135
02907
31005
53562
76063
05850
N2J
52100
43207
47500
409 88
720 12
01032
142104
170028
220000
79060
102630
102630
102630
102630
102630
102630
102630
634057
640003
454009
03150
111401
4440-238
187000
39-400
7003
7003
102630
2371
64293
65104
41-800
6508
161 00
3400
390048
32-300
915 01
630003
8044
6924
3871
1814
34045
2018
3136
4350
6153
96929
J4J
J7T
59901
47905
72764
28040
44012
44024
44307
44139
45231
45102
V8N
27265
32955
32703
32829
N0K
81-198
3460
590 40
5737
102630
80-297
186 01
350 03
350 03
784 52
61003
40503
34045
34045
34045
050001
51-206
921 01
80-387
80-387
142000
811 01
02081
410000
400001
190880
190880
190880
693019
077145
077190
050016
050016
102630
7521
195027
21396
77710
10107
N1E
L1S
N5A
620016
370 30
M4E
H2T
J7A
92029
52637
95746
438 00
409 88
1501
9103
90-365
4032
1500
1500
454009
6800
143404
1104
145 00
269 92
7437
125 01
6070
0181
2000
N6C
M1E
L4N
L4N
L4B
V5T
84005
T2A
37343
94122
G9A
N3R
K1H
K2P
M2K
N9A
27455
50613
R3G
87036
92223
28041
28041
34281
00179
22100
22100
903 36
EC2V
663920
EN1
45030
96932
54000
96913
2290
4006
3121
46150
46400
40400
10300
59200
102-0082
231-0005
790-0026
47120
3850
3121
1150
400022
3004
1024
1024
1010
1010
1010
1010
1024
1024
1024
1024
1024
1024
1024
1024
3244
3244
3244
3244
1024
1024
1150
1150
2300
2009
3004
3000
2914
1000
6149
0632
98528
22657
29130
31047
62281
70543
15478
43326
20148
60613
98801
93221
S7K
99709
S6V
77054
37135
17244
71913
71901
71901
61611
18106
61548
573 23
50851
L9B
11374
11379
11373
74070
G3C
66725
11103
84721
97383
29412
58554
52054
19078
20136
20136
60616
34987
46060
98823
37040
44076
L3R
11104
M6G
77303
80543
56320
88240
82716
K1K
91311
15906
31019
81019
N2C
N2Z
67951
02446
02126
03060
02135
02131
02026
BH31
47805
4000
310-0811
231-0005
3169
43000
57000
41200
47301
53300
14300
40150
59200
56000
50490
47120
0632
3172
1150
54700
3000
5018
662-0934
2037
3018
2229
3199
248000
173 11
21110
UB8
26010
65072
65072
218 51
534 92
541 02
1020
6715
1446
680031
75006
8512
620098
14001
1513
4643
4600
831 51
1601
1348
7030
8305
331 02
331 02
331 02
6405
8005
1300
624860
624860
220 02
54029
54029
39600
01016
01016
824 00
757 56
143 01
427 00
128 48
173 11
256 67
256 67
164 00
522 31
132 32
600 07
931 21
8450
800 08
804 29
2572
2572
1500
1500
601465
173 11
01213
8650
6330
172 00
128 20
128 20
244 02
374 37
374 37
4450
4411
756 61
756 61
00-202
754 30
920 64
173 11
932 36
932 36
4000-000
4470-334
65125
65125
734 01
741 74
9000
102630
102630
4697
08036
5501
9990
409 88
233 36
126 78
291 32
703 81
591 00
409 88
427 40
796 22
141 40
673 32
220 02
450 70
2431
4645
913 41
578 01
63500
173 11
5721
28041
57058
62298
92675
98569
V1J
55408
56573
97038
99654
562 02
85396
M3A
61550
61550
61254
33771
75056
V6B
S7N
31792
31792
98837
L8E
J1X
34747
27260
N5V
H2X
20619
T2X
L4S
S7K
58201
57702
57701
N8Y
60613
95818
8607
5071
6373
1447
7002
2625
8701
8333
1741
8316
8307
7751
1851
7520-124
5643
8906
2505
6015
81-050
735 36
190880
341 33
463 31
129 49
280 20
173 11
737 01
250 02
437 42
241 22
435 39
253 60
263 58
196 01
186 03
421 01
462 01
3370
743 19
250 02
186 01
186 01
186 01
TW15
B31
5235
567 33
568 20
567 32
65104
65104
879-4413
371-0025
543-0062
543-0062
630-8114
1010
1010
40170
68100
58200
59200
297-0026
102-0082
480-0102
2043
2530
4101
2000
2050
2534
5000
102-0082
102-0082
1772
320-0032
4310
4610
8014
5810
1150
201-0011
76133
V1J
V1J
K2J
K1R
L9W
L9W
L9W
91764
90094
90002
93003
90232
91364
92840
L7T
07305
07094
60714
60061
84070
84404
63021
03062
63021
84070
84067
98382
18034
18034
86314
68701
60521
G4R
66216
30132
49441
60068
15219
30019
44613
44662
L9G
L9H
T9A
L9K
44805
44805
P1L
60435
60517
60074
60074
L6M
44256
44256
16001
K8N
J1N
37664
53405
10301
98006
21740
95382
28803
55021
56001
56001
98027
92504
49735
76126
54701
53716
11780
07508
08859
08879
06902
98374
48089
48089
11215
11215
11417
28803
53081
53081
53081
36830
04210
92866
H7E
G1S
G1H
J9E
91754
91506
91207
91803
54915
97217
53029
L4C
K2P
62025
62234
03304
03304
97302
57401
B0P
54313
H3G
L7L
94580
95842
95762
57108
26101
49341
99801
99507
99507
99559
18302
15666
54923
54923
63141
48879
49417
85027
66614
78664
78758
78758
44663
45365
48823
02809
94112
07670
94403
95133
94087
N7T
J4B
L2S
N8T
N8S
N8S
V4V
R3R
R3R
81658
80022
B3A
75605
11215
01960
02170
02067
45784
35758
32401
32401
30309
30328
1680
2170
101000
6257
46100
BA2
NP12
374 50
692901
61027
34732
196634
501 12
431 62
155 34
831 03
116 37
653 50
312 00
463 93
442 02
102630
350 03
0001
PL11
BN22
37772
59106
08018
220004
3218
9007
3265
77656
L4H
L5R
L4C
75840
1501
70300
33000
2280
2000
L6K
27410
J1J
14301
90660
M4T
8044
80804
614064
614064
217 41
61098
33170
409 88
BT56
109
971 10
38052
06108
161 00
571 41
250 02
350 03
3264
90266
90605
90275
90277
91343
93444
11204
78626
76209
75093
75075
75075
75025
33813
72401
77845
75703
78660
75771
99350
49024
76210
30080
91780
37087
75087
75032
98926
1127
4300
050016
403870
905100
900007
4900
540039
0001
2860
141008
140003
102630
574 40
574 40
70178
37604
77845
79603
18466
43040
48066
43081
T9H
36526
61434
50131
60554
56048
34772
32738
3122
3264
4120
4001
5300
0001
1165
1621
N22
MK5
76087
10260
3101
2155
2913
3121
569-0803
3053
154-0017
3204
3152
5251
5052
4163
2260
5066
32300
68100
51200
57100
57100
5162
800 08
5612
6536
295 32
300 04
2500
3033
2802
3144
2671
6581
3146
2671
2678
2673
1421
1431
9325
20100
49221
49221
78644
84651
48150
84003
84020
84121
97013
97137
45069
44266
54914
45036
66209
53066
10023
M6P
436 52
443 00
385 40
H7L
37015
53527
75137
98831
85138
85138
76244
55901
99353
63021
29301
53511
55330
49024
06355
77657
55082
52162
12866
78249
60194
60632
60107
94070
30312
75002
76710
84660
84660
54724
50613
13790
78552
39564
11214
07663
11967
33773
74104
06042
06078
92673
91901
66614
66614
66614
85225
89014
24016
89117
89108
02852
85379
92027
70458
95531
55901
36830
02909
74112
74112
74112
T2H
T2K
T5P
56401
13126
38506
55376
55376
55376
28037
08902
11772
33556
78577
75234
89147
89119
85756
85031
85085
35810
46158
92694
92620
92672
46236
48329
49505
49525
92027
92020
92020
92195
68046
68046
85009
68046
65583
07746
08527
94586
07087
11706
33907
48066
48180
G1M
M2N
97381
G1M
37066
95124
83442
11365
10924
37115
08816
83854
54016
95747
43119
60068
30458
78732
78628
17872
18328
23324
85225
89128
89081
85283
89119
85318
31088
72936
92069
89014
89147
89014
85712
70058
73099
31216
74055
44107
89148
74104
85650
85016
44107
32547
S7L
V3B
V3S
T5Y
H7N
H1H
J8T
64068
92126
55313
63141
63130
27513
13066
60510
39047
84043
98075
19904
60505
30030
80013
98106
19130
48386
01030
80538
32806
32839
20158
27526
27587
27511
27012
02790
54701
89503
63385
29681
54935
37336
38401
37604
91506
91770
97058
99354
53218
78745
33713
75243
75006
78155
